60
6
2
9
8
15
18
25
30
36
41
44
45
22
3
4
5
10
14
15
18
21
26
30
32
37
42
46
48
50
51
52
53
54
55
59
1 6 3
2 1 6
3 5 4
4 5 7
5 3 5
6 1 3
7 5 8
8 0 8
9 7 0
10 3 3
11 8 5
12 5 5
13 4 0
14 7 7
15 2 5
16 7 2
17 6 2
18 4 7
19 6 5
20 3 6
21 0 1
22 8 6
23 6 1
24 4 3
25 2 0
26 7 5
27 2 1
28 2 2
29 6 4
30 6 8
31 5 1
32 6 7
33 4 4
34 0 7
35 7 3
36 0 2
37 1 7
38 4 2
39 2 4
40 4 6
41 2 6
42 0 5
43 0 6
44 5 2
45 8 2
46 1 0
47 7 8
48 2 3
49 7 4
50 6 6
51 1 1
52 5 3
53 0 0
54 5 6
55 8 3
56 4 1
57 8 4
58 8 8
59 2 8
60 3 7
1 2 8 12
2 1 8 12
1 3 2 3
3 1 2 3
1 4 5 7
4 1 5 7
1 5 5 7
5 1 5 7
1 6 5 7
6 1 5 7
1 7 6 9
7 1 6 9
1 8 11 16
8 1 11 16
1 9 4 6
9 1 4 6
1 10 3 4
10 1 3 4
1 11 4 6
11 1 4 6
1 12 3 4
12 1 3 4
1 13 5 7
13 1 5 7
1 14 5 7
14 1 5 7
1 15 6 9
15 1 6 9
1 16 2 3
16 1 2 3
1 17 1 1
17 1 1 1
1 18 6 9
18 1 6 9
1 19 2 3
19 1 2 3
1 20 6 9
20 1 6 9
1 21 8 12
21 1 8 12
1 22 5 7
22 1 5 7
1 23 2 3
23 1 2 3
1 24 2 3
24 1 2 3
1 25 7 10
25 1 7 10
1 26 3 4
26 1 3 4
1 27 6 9
27 1 6 9
1 28 5 7
28 1 5 7
1 29 1 1
29 1 1 1
1 30 5 7
30 1 5 7
1 31 3 4
31 1 3 4
1 32 4 6
32 1 4 6
1 33 3 4
33 1 3 4
1 34 10 15
34 1 10 15
1 35 1 1
35 1 1 1
1 36 7 10
36 1 7 10
1 37 9 13
37 1 9 13
1 38 3 4
38 1 3 4
1 39 5 7
39 1 5 7
1 40 5 7
40 1 5 7
1 41 7 10
41 1 7 10
1 42 8 12
42 1 8 12
1 43 9 13
43 1 9 13
1 44 2 3
44 1 2 3
1 45 3 4
45 1 3 4
1 46 8 12
46 1 8 12
1 47 6 9
47 1 6 9
1 48 4 6
48 1 4 6
1 49 2 3
49 1 2 3
1 50 3 4
50 1 3 4
1 51 7 10
51 1 7 10
1 52 1 1
52 1 1 1
1 53 9 13
53 1 9 13
1 54 4 6
54 1 4 6
1 55 2 3
55 1 2 3
1 56 4 6
56 1 4 6
1 57 3 4
57 1 3 4
1 58 7 10
58 1 7 10
1 59 9 13
59 1 9 13
1 60 7 10
60 1 7 10
2 3 6 9
3 2 6 9
2 4 5 7
4 2 5 7
2 5 3 4
5 2 3 4
2 6 3 4
6 2 3 4
2 7 6 9
7 2 6 9
2 8 3 4
8 2 3 4
2 9 12 18
9 2 12 18
2 10 5 7
10 2 5 7
2 11 8 12
11 2 8 12
2 12 5 7
12 2 5 7
2 13 9 13
13 2 9 13
2 14 7 10
14 2 7 10
2 15 2 3
15 2 2 3
2 16 10 15
16 2 10 15
2 17 9 13
17 2 9 13
2 18 4 6
18 2 4 6
2 19 6 9
19 2 6 9
2 20 2 3
20 2 2 3
2 21 6 9
21 2 6 9
2 22 7 10
22 2 7 10
2 23 10 15
23 2 10 15
2 24 6 9
24 2 6 9
2 25 7 10
25 2 7 10
2 26 7 10
26 2 7 10
2 27 6 9
27 2 6 9
2 28 5 7
28 2 5 7
2 29 7 10
29 2 7 10
2 30 7 10
30 2 7 10
2 31 9 13
31 2 9 13
2 32 6 9
32 2 6 9
2 33 5 7
33 2 5 7
2 34 2 3
34 2 2 3
2 35 9 13
35 2 9 13
2 36 5 7
36 2 5 7
2 37 1 1
37 2 1 1
2 38 7 10
38 2 7 10
2 39 3 4
39 2 3 4
2 40 3 4
40 2 3 4
2 41 1 1
41 2 1 1
2 42 2 3
42 2 2 3
2 43 1 1
43 2 1 1
2 44 8 12
44 2 8 12
2 45 11 16
45 2 11 16
2 46 6 9
46 2 6 9
2 47 8 12
47 2 8 12
2 48 4 6
48 2 4 6
2 49 8 12
49 2 8 12
2 50 5 7
50 2 5 7
2 51 5 7
51 2 5 7
2 52 7 10
52 2 7 10
2 53 7 10
53 2 7 10
2 54 4 6
54 2 4 6
2 55 10 15
55 2 10 15
2 56 8 12
56 2 8 12
2 57 9 13
57 2 9 13
2 58 9 13
58 2 9 13
2 59 3 4
59 2 3 4
2 60 3 4
60 2 3 4
3 4 3 4
4 3 3 4
3 5 3 4
5 3 3 4
3 6 5 7
6 3 5 7
3 7 4 6
7 3 4 6
3 8 9 13
8 3 9 13
3 9 6 9
9 3 6 9
3 10 3 4
10 3 3 4
3 11 4 6
11 3 4 6
3 12 1 1
12 3 1 1
3 13 5 7
13 3 5 7
3 14 5 7
14 3 5 7
3 15 4 6
15 3 4 6
3 16 4 6
16 3 4 6
3 17 3 4
17 3 3 4
3 18 4 6
18 3 4 6
3 19 2 3
19 3 2 3
3 20 4 6
20 3 4 6
3 21 8 12
21 3 8 12
3 22 5 7
22 3 5 7
3 23 4 6
23 3 4 6
3 24 2 3
24 3 2 3
3 25 7 10
25 3 7 10
3 26 3 4
26 3 3 4
3 27 6 9
27 3 6 9
3 28 5 7
28 3 5 7
3 29 1 1
29 3 1 1
3 30 5 7
30 3 5 7
3 31 3 4
31 3 3 4
3 32 4 6
32 3 4 6
3 33 1 1
33 3 1 1
3 34 8 12
34 3 8 12
3 35 3 4
35 3 3 4
3 36 7 10
36 3 7 10
3 37 7 10
37 3 7 10
3 38 3 4
38 3 3 4
3 39 3 4
39 3 3 4
3 40 3 4
40 3 3 4
3 41 5 7
41 3 5 7
3 42 6 9
42 3 6 9
3 43 7 10
43 3 7 10
3 44 2 3
44 3 2 3
3 45 5 7
45 3 5 7
3 46 8 12
46 3 8 12
3 47 6 9
47 3 6 9
3 48 4 6
48 3 4 6
3 49 2 3
49 3 2 3
3 50 3 4
50 3 3 4
3 51 7 10
51 3 7 10
3 52 1 1
52 3 1 1
3 53 9 13
53 3 9 13
3 54 2 3
54 3 2 3
3 55 4 6
55 3 4 6
3 56 4 6
56 3 4 6
3 57 3 4
57 3 3 4
3 58 7 10
58 3 7 10
3 59 7 10
59 3 7 10
3 60 5 7
60 3 5 7
4 5 4 6
5 4 4 6
4 6 8 12
6 4 8 12
4 7 1 1
7 4 1 1
4 8 6 9
8 4 6 9
4 9 9 13
9 4 9 13
4 10 6 9
10 4 6 9
4 11 5 7
11 4 5 7
4 12 2 3
12 4 2 3
4 13 8 12
13 4 8 12
4 14 2 3
14 4 2 3
4 15 5 7
15 4 5 7
4 16 7 10
16 4 7 10
4 17 6 9
17 4 6 9
4 18 1 1
18 4 1 1
4 19 3 4
19 4 3 4
4 20 3 4
20 4 3 4
4 21 11 16
21 4 11 16
4 22 4 6
22 4 4 6
4 23 7 10
23 4 7 10
4 24 5 7
24 4 5 7
4 25 10 15
25 4 10 15
4 26 4 6
26 4 4 6
4 27 9 13
27 4 9 13
4 28 8 12
28 4 8 12
4 29 4 6
29 4 4 6
4 30 2 3
30 4 2 3
4 31 6 9
31 4 6 9
4 32 1 1
32 4 1 1
4 33 4 6
33 4 4 6
4 34 5 7
34 4 5 7
4 35 6 9
35 4 6 9
4 36 10 15
36 4 10 15
4 37 4 6
37 4 4 6
4 38 6 9
38 4 6 9
4 39 6 9
39 4 6 9
4 40 2 3
40 4 2 3
4 41 4 6
41 4 4 6
4 42 7 10
42 4 7 10
4 43 6 9
43 4 6 9
4 44 5 7
44 4 5 7
4 45 8 12
45 4 8 12
4 46 11 16
46 4 11 16
4 47 3 4
47 4 3 4
4 48 7 10
48 4 7 10
4 49 5 7
49 4 5 7
4 50 2 3
50 4 2 3
4 51 10 15
51 4 10 15
4 52 4 6
52 4 4 6
4 53 12 18
53 4 12 18
4 54 1 1
54 4 1 1
4 55 7 10
55 4 7 10
4 56 7 10
56 4 7 10
4 57 6 9
57 4 6 9
4 58 4 6
58 4 4 6
4 59 4 6
59 4 4 6
4 60 2 3
60 4 2 3
5 6 4 6
6 5 4 6
5 7 5 7
7 5 5 7
5 8 6 9
8 5 6 9
5 9 9 13
9 5 9 13
5 10 2 3
10 5 2 3
5 11 5 7
11 5 5 7
5 12 2 3
12 5 2 3
5 13 6 9
13 5 6 9
5 14 6 9
14 5 6 9
5 15 1 1
15 5 1 1
5 16 7 10
16 5 7 10
5 17 6 9
17 5 6 9
5 18 3 4
18 5 3 4
5 19 3 4
19 5 3 4
5 20 1 1
20 5 1 1
5 21 7 10
21 5 7 10
5 22 6 9
22 5 6 9
5 23 7 10
23 5 7 10
5 24 3 4
24 5 3 4
5 25 6 9
25 5 6 9
5 26 4 6
26 5 4 6
5 27 5 7
27 5 5 7
5 28 4 6
28 5 4 6
5 29 4 6
29 5 4 6
5 30 6 9
30 5 6 9
5 31 6 9
31 5 6 9
5 32 5 7
32 5 5 7
5 33 2 3
33 5 2 3
5 34 5 7
34 5 5 7
5 35 6 9
35 5 6 9
5 36 6 9
36 5 6 9
5 37 4 6
37 5 4 6
5 38 4 6
38 5 4 6
5 39 2 3
39 5 2 3
5 40 2 3
40 5 2 3
5 41 2 3
41 5 2 3
5 42 3 4
42 5 3 4
5 43 4 6
43 5 4 6
5 44 5 7
44 5 5 7
5 45 8 12
45 5 8 12
5 46 7 10
46 5 7 10
5 47 7 10
47 5 7 10
5 48 3 4
48 5 3 4
5 49 5 7
49 5 5 7
5 50 4 6
50 5 4 6
5 51 6 9
51 5 6 9
5 52 4 6
52 5 4 6
5 53 8 12
53 5 8 12
5 54 3 4
54 5 3 4
5 55 7 10
55 5 7 10
5 56 5 7
56 5 5 7
5 57 6 9
57 5 6 9
5 58 8 12
58 5 8 12
5 59 4 6
59 5 4 6
5 60 2 3
60 5 2 3
6 7 9 13
7 6 9 13
6 8 6 9
8 6 6 9
6 9 9 13
9 6 9 13
6 10 2 3
10 6 2 3
6 11 9 13
11 6 9 13
6 12 6 9
12 6 6 9
6 13 6 9
13 6 6 9
6 14 10 15
14 6 10 15
6 15 3 4
15 6 3 4
6 16 7 10
16 6 7 10
6 17 6 9
17 6 6 9
6 18 7 10
18 6 7 10
6 19 7 10
19 6 7 10
6 20 5 7
20 6 5 7
6 21 3 4
21 6 3 4
6 22 10 15
22 6 10 15
6 23 7 10
23 6 7 10
6 24 3 4
24 6 3 4
6 25 4 6
25 6 4 6
6 26 8 12
26 6 8 12
6 27 3 4
27 6 3 4
6 28 2 3
28 6 2 3
6 29 6 9
29 6 6 9
6 30 10 15
30 6 10 15
6 31 6 9
31 6 6 9
6 32 9 13
32 6 9 13
6 33 4 6
33 6 4 6
6 34 5 7
34 6 5 7
6 35 6 9
35 6 6 9
6 36 2 3
36 6 2 3
6 37 4 6
37 6 4 6
6 38 4 6
38 6 4 6
6 39 2 3
39 6 2 3
6 40 6 9
40 6 6 9
6 41 4 6
41 6 4 6
6 42 3 4
42 6 3 4
6 43 4 6
43 6 4 6
6 44 5 7
44 6 5 7
6 45 8 12
45 6 8 12
6 46 3 4
46 6 3 4
6 47 11 16
47 6 11 16
6 48 1 1
48 6 1 1
6 49 7 10
49 6 7 10
6 50 8 12
50 6 8 12
6 51 2 3
51 6 2 3
6 52 4 6
52 6 4 6
6 53 4 6
53 6 4 6
6 54 7 10
54 6 7 10
6 55 7 10
55 6 7 10
6 56 5 7
56 6 5 7
6 57 8 12
57 6 8 12
6 58 12 18
58 6 12 18
6 59 6 9
59 6 6 9
6 60 6 9
60 6 6 9
7 8 5 7
8 7 5 7
7 9 10 15
9 7 10 15
7 10 7 10
10 7 7 10
7 11 6 9
11 7 6 9
7 12 3 4
12 7 3 4
7 13 9 13
13 7 9 13
7 14 3 4
14 7 3 4
7 15 6 9
15 7 6 9
7 16 8 12
16 7 8 12
7 17 7 10
17 7 7 10
7 18 2 3
18 7 2 3
7 19 4 6
19 7 4 6
7 20 4 6
20 7 4 6
7 21 12 18
21 7 12 18
7 22 5 7
22 7 5 7
7 23 8 12
23 7 8 12
7 24 6 9
24 7 6 9
7 25 11 16
25 7 11 16
7 26 5 7
26 7 5 7
7 27 10 15
27 7 10 15
7 28 9 13
28 7 9 13
7 29 5 7
29 7 5 7
7 30 1 1
30 7 1 1
7 31 7 10
31 7 7 10
7 32 2 3
32 7 2 3
7 33 5 7
33 7 5 7
7 34 6 9
34 7 6 9
7 35 7 10
35 7 7 10
7 36 11 16
36 7 11 16
7 37 5 7
37 7 5 7
7 38 7 10
38 7 7 10
7 39 7 10
39 7 7 10
7 40 3 4
40 7 3 4
7 41 5 7
41 7 5 7
7 42 8 12
42 7 8 12
7 43 7 10
43 7 7 10
7 44 6 9
44 7 6 9
7 45 9 13
45 7 9 13
7 46 12 18
46 7 12 18
7 47 2 3
47 7 2 3
7 48 8 12
48 7 8 12
7 49 6 9
49 7 6 9
7 50 3 4
50 7 3 4
7 51 11 16
51 7 11 16
7 52 5 7
52 7 5 7
7 53 13 19
53 7 13 19
7 54 2 3
54 7 2 3
7 55 8 12
55 7 8 12
7 56 8 12
56 7 8 12
7 57 7 10
57 7 7 10
7 58 3 4
58 7 3 4
7 59 3 4
59 7 3 4
7 60 3 4
60 7 3 4
8 9 15 22
9 8 15 22
8 10 8 12
10 8 8 12
8 11 11 16
11 8 11 16
8 12 8 12
12 8 8 12
8 13 12 18
13 8 12 18
8 14 8 12
14 8 8 12
8 15 5 7
15 8 5 7
8 16 13 19
16 8 13 19
8 17 12 18
17 8 12 18
8 18 5 7
18 8 5 7
8 19 9 13
19 8 9 13
8 20 5 7
20 8 5 7
8 21 7 10
21 8 7 10
8 22 10 15
22 8 10 15
8 23 13 19
23 8 13 19
8 24 9 13
24 8 9 13
8 25 10 15
25 8 10 15
8 26 10 15
26 8 10 15
8 27 9 13
27 8 9 13
8 28 8 12
28 8 8 12
8 29 10 15
29 8 10 15
8 30 6 9
30 8 6 9
8 31 12 18
31 8 12 18
8 32 7 10
32 8 7 10
8 33 8 12
33 8 8 12
8 34 1 1
34 8 1 1
8 35 12 18
35 8 12 18
8 36 6 9
36 8 6 9
8 37 2 3
37 8 2 3
8 38 10 15
38 8 10 15
8 39 6 9
39 8 6 9
8 40 6 9
40 8 6 9
8 41 4 6
41 8 4 6
8 42 3 4
42 8 3 4
8 43 2 3
43 8 2 3
8 44 11 16
44 8 11 16
8 45 14 21
45 8 14 21
8 46 9 13
46 8 9 13
8 47 7 10
47 8 7 10
8 48 7 10
48 8 7 10
8 49 11 16
49 8 11 16
8 50 8 12
50 8 8 12
8 51 8 12
51 8 8 12
8 52 10 15
52 8 10 15
8 53 8 12
53 8 8 12
8 54 7 10
54 8 7 10
8 55 13 19
55 8 13 19
8 56 11 16
56 8 11 16
8 57 12 18
57 8 12 18
8 58 8 12
58 8 8 12
8 59 2 3
59 8 2 3
8 60 4 6
60 8 4 6
9 10 7 10
10 9 7 10
9 11 6 9
11 9 6 9
9 12 7 10
12 9 7 10
9 13 3 4
13 9 3 4
9 14 7 10
14 9 7 10
9 15 10 15
15 9 10 15
9 16 2 3
16 9 2 3
9 17 3 4
17 9 3 4
9 18 10 15
18 9 10 15
9 19 6 9
19 9 6 9
9 20 10 15
20 9 10 15
9 21 8 12
21 9 8 12
9 22 7 10
22 9 7 10
9 23 2 3
23 9 2 3
9 24 6 9
24 9 6 9
9 25 5 7
25 9 5 7
9 26 5 7
26 9 5 7
9 27 6 9
27 9 6 9
9 28 7 10
28 9 7 10
9 29 5 7
29 9 5 7
9 30 9 13
30 9 9 13
9 31 3 4
31 9 3 4
9 32 8 12
32 9 8 12
9 33 7 10
33 9 7 10
9 34 14 21
34 9 14 21
9 35 3 4
35 9 3 4
9 36 9 13
36 9 9 13
9 37 13 19
37 9 13 19
9 38 5 7
38 9 5 7
9 39 9 13
39 9 9 13
9 40 9 13
40 9 9 13
9 41 11 16
41 9 11 16
9 42 12 18
42 9 12 18
9 43 13 19
43 9 13 19
9 44 4 6
44 9 4 6
9 45 3 4
45 9 3 4
9 46 6 9
46 9 6 9
9 47 8 12
47 9 8 12
9 48 8 12
48 9 8 12
9 49 4 6
49 9 4 6
9 50 7 10
50 9 7 10
9 51 7 10
51 9 7 10
9 52 5 7
52 9 5 7
9 53 7 10
53 9 7 10
9 54 8 12
54 9 8 12
9 55 4 6
55 9 4 6
9 56 4 6
56 9 4 6
9 57 5 7
57 9 5 7
9 58 9 13
58 9 9 13
9 59 13 19
59 9 13 19
9 60 11 16
60 9 11 16
10 11 7 10
11 10 7 10
10 12 4 6
12 10 4 6
10 13 4 6
13 10 4 6
10 14 8 12
14 10 8 12
10 15 3 4
15 10 3 4
10 16 5 7
16 10 5 7
10 17 4 6
17 10 4 6
10 18 5 7
18 10 5 7
10 19 5 7
19 10 5 7
10 20 3 4
20 10 3 4
10 21 5 7
21 10 5 7
10 22 8 12
22 10 8 12
10 23 5 7
23 10 5 7
10 24 1 1
24 10 1 1
10 25 4 6
25 10 4 6
10 26 6 9
26 10 6 9
10 27 3 4
27 10 3 4
10 28 2 3
28 10 2 3
10 29 4 6
29 10 4 6
10 30 8 12
30 10 8 12
10 31 4 6
31 10 4 6
10 32 7 10
32 10 7 10
10 33 2 3
33 10 2 3
10 34 7 10
34 10 7 10
10 35 4 6
35 10 4 6
10 36 4 6
36 10 4 6
10 37 6 9
37 10 6 9
10 38 2 3
38 10 2 3
10 39 2 3
39 10 2 3
10 40 4 6
40 10 4 6
10 41 4 6
41 10 4 6
10 42 5 7
42 10 5 7
10 43 6 9
43 10 6 9
10 44 3 4
44 10 3 4
10 45 6 9
45 10 6 9
10 46 5 7
46 10 5 7
10 47 9 13
47 10 9 13
10 48 1 1
48 10 1 1
10 49 5 7
49 10 5 7
10 50 6 9
50 10 6 9
10 51 4 6
51 10 4 6
10 52 2 3
52 10 2 3
10 53 6 9
53 10 6 9
10 54 5 7
54 10 5 7
10 55 5 7
55 10 5 7
10 56 3 4
56 10 3 4
10 57 6 9
57 10 6 9
10 58 10 15
58 10 10 15
10 59 6 9
59 10 6 9
10 60 4 6
60 10 4 6
11 12 3 4
12 11 3 4
11 13 9 13
13 11 9 13
11 14 3 4
14 11 3 4
11 15 6 9
15 11 6 9
11 16 4 6
16 11 4 6
11 17 5 7
17 11 5 7
11 18 6 9
18 11 6 9
11 19 2 3
19 11 2 3
11 20 6 9
20 11 6 9
11 21 12 18
21 11 12 18
11 22 1 1
22 11 1 1
11 23 6 9
23 11 6 9
11 24 6 9
24 11 6 9
11 25 11 16
25 11 11 16
11 26 1 1
26 11 1 1
11 27 10 15
27 11 10 15
11 28 9 13
28 11 9 13
11 29 3 4
29 11 3 4
11 30 5 7
30 11 5 7
11 31 7 10
31 11 7 10
11 32 4 6
32 11 4 6
11 33 5 7
33 11 5 7
11 34 10 15
34 11 10 15
11 35 3 4
35 11 3 4
11 36 11 16
36 11 11 16
11 37 9 13
37 11 9 13
11 38 7 10
38 11 7 10
11 39 7 10
39 11 7 10
11 40 5 7
40 11 5 7
11 41 7 10
41 11 7 10
11 42 8 12
42 11 8 12
11 43 9 13
43 11 9 13
11 44 6 9
44 11 6 9
11 45 3 4
45 11 3 4
11 46 12 18
46 11 12 18
11 47 4 6
47 11 4 6
11 48 8 12
48 11 8 12
11 49 2 3
49 11 2 3
11 50 3 4
50 11 3 4
11 51 11 16
51 11 11 16
11 52 5 7
52 11 5 7
11 53 13 19
53 11 13 19
11 54 4 6
54 11 4 6
11 55 2 3
55 11 2 3
11 56 8 12
56 11 8 12
11 57 1 1
57 11 1 1
11 58 3 4
58 11 3 4
11 59 9 13
59 11 9 13
11 60 7 10
60 11 7 10
12 13 6 9
13 12 6 9
12 14 4 6
14 12 4 6
12 15 3 4
15 12 3 4
12 16 5 7
16 12 5 7
12 17 4 6
17 12 4 6
12 18 3 4
18 12 3 4
12 19 1 1
19 12 1 1
12 20 3 4
20 12 3 4
12 21 9 13
21 12 9 13
12 22 4 6
22 12 4 6
12 23 5 7
23 12 5 7
12 24 3 4
24 12 3 4
12 25 8 12
25 12 8 12
12 26 2 3
26 12 2 3
12 27 7 10
27 12 7 10
12 28 6 9
28 12 6 9
12 29 2 3
29 12 2 3
12 30 4 6
30 12 4 6
12 31 4 6
31 12 4 6
12 32 3 4
32 12 3 4
12 33 2 3
33 12 2 3
12 34 7 10
34 12 7 10
12 35 4 6
35 12 4 6
12 36 8 12
36 12 8 12
12 37 6 9
37 12 6 9
12 38 4 6
38 12 4 6
12 39 4 6
39 12 4 6
12 40 2 3
40 12 2 3
12 41 4 6
41 12 4 6
12 42 5 7
42 12 5 7
12 43 6 9
43 12 6 9
12 44 3 4
44 12 3 4
12 45 6 9
45 12 6 9
12 46 9 13
46 12 9 13
12 47 5 7
47 12 5 7
12 48 5 7
48 12 5 7
12 49 3 4
49 12 3 4
12 50 2 3
50 12 2 3
12 51 8 12
51 12 8 12
12 52 2 3
52 12 2 3
12 53 10 15
53 12 10 15
12 54 1 1
54 12 1 1
12 55 5 7
55 12 5 7
12 56 5 7
56 12 5 7
12 57 4 6
57 12 4 6
12 58 6 9
58 12 6 9
12 59 6 9
59 12 6 9
12 60 4 6
60 12 4 6
13 14 10 15
14 13 10 15
13 15 7 10
15 13 7 10
13 16 5 7
16 13 5 7
13 17 4 6
17 13 4 6
13 18 7 10
18 13 7 10
13 19 7 10
19 13 7 10
13 20 7 10
20 13 7 10
13 21 5 7
21 13 5 7
13 22 10 15
22 13 10 15
13 23 3 4
23 13 3 4
13 24 3 4
24 13 3 4
13 25 2 3
25 13 2 3
13 26 8 12
26 13 8 12
13 27 3 4
27 13 3 4
13 28 4 6
28 13 4 6
13 29 6 9
29 13 6 9
13 30 10 15
30 13 10 15
13 31 2 3
31 13 2 3
13 32 9 13
32 13 9 13
13 33 4 6
33 13 4 6
13 34 11 16
34 13 11 16
13 35 6 9
35 13 6 9
13 36 6 9
36 13 6 9
13 37 10 15
37 13 10 15
13 38 2 3
38 13 2 3
13 39 6 9
39 13 6 9
13 40 6 9
40 13 6 9
13 41 8 12
41 13 8 12
13 42 9 13
42 13 9 13
13 43 10 15
43 13 10 15
13 44 3 4
44 13 3 4
13 45 6 9
45 13 6 9
13 46 3 4
46 13 3 4
13 47 11 16
47 13 11 16
13 48 5 7
48 13 5 7
13 49 7 10
49 13 7 10
13 50 8 12
50 13 8 12
13 51 4 6
51 13 4 6
13 52 4 6
52 13 4 6
13 53 4 6
53 13 4 6
13 54 7 10
54 13 7 10
13 55 7 10
55 13 7 10
13 56 1 1
56 13 1 1
13 57 8 12
57 13 8 12
13 58 12 18
58 13 12 18
13 59 10 15
59 13 10 15
13 60 8 12
60 13 8 12
14 15 7 10
15 14 7 10
14 16 5 7
16 14 5 7
14 17 6 9
17 14 6 9
14 18 3 4
18 14 3 4
14 19 3 4
19 14 3 4
14 20 5 7
20 14 5 7
14 21 13 19
21 14 13 19
14 22 2 3
22 14 2 3
14 23 7 10
23 14 7 10
14 24 7 10
24 14 7 10
14 25 12 18
25 14 12 18
14 26 2 3
26 14 2 3
14 27 11 16
27 14 11 16
14 28 10 15
28 14 10 15
14 29 4 6
29 14 4 6
14 30 2 3
30 14 2 3
14 31 8 12
31 14 8 12
14 32 1 1
32 14 1 1
14 33 6 9
33 14 6 9
14 34 7 10
34 14 7 10
14 35 4 6
35 14 4 6
14 36 12 18
36 14 12 18
14 37 6 9
37 14 6 9
14 38 8 12
38 14 8 12
14 39 8 12
39 14 8 12
14 40 4 6
40 14 4 6
14 41 6 9
41 14 6 9
14 42 9 13
42 14 9 13
14 43 8 12
43 14 8 12
14 44 7 10
44 14 7 10
14 45 6 9
45 14 6 9
14 46 13 19
46 14 13 19
14 47 1 1
47 14 1 1
14 48 9 13
48 14 9 13
14 49 3 4
49 14 3 4
14 50 2 3
50 14 2 3
14 51 12 18
51 14 12 18
14 52 6 9
52 14 6 9
14 53 14 21
53 14 14 21
14 54 3 4
54 14 3 4
14 55 5 7
55 14 5 7
14 56 9 13
56 14 9 13
14 57 4 6
57 14 4 6
14 58 2 3
58 14 2 3
14 59 6 9
59 14 6 9
14 60 4 6
60 14 4 6
15 16 8 12
16 15 8 12
15 17 7 10
17 15 7 10
15 18 4 6
18 15 4 6
15 19 4 6
19 15 4 6
15 20 2 3
20 15 2 3
15 21 6 9
21 15 6 9
15 22 7 10
22 15 7 10
15 23 8 12
23 15 8 12
15 24 4 6
24 15 4 6
15 25 5 7
25 15 5 7
15 26 5 7
26 15 5 7
15 27 4 6
27 15 4 6
15 28 3 4
28 15 3 4
15 29 5 7
29 15 5 7
15 30 7 10
30 15 7 10
15 31 7 10
31 15 7 10
15 32 6 9
32 15 6 9
15 33 3 4
33 15 3 4
15 34 4 6
34 15 4 6
15 35 7 10
35 15 7 10
15 36 5 7
36 15 5 7
15 37 3 4
37 15 3 4
15 38 5 7
38 15 5 7
15 39 1 1
39 15 1 1
15 40 3 4
40 15 3 4
15 41 1 1
41 15 1 1
15 42 2 3
42 15 2 3
15 43 3 4
43 15 3 4
15 44 6 9
44 15 6 9
15 45 9 13
45 15 9 13
15 46 6 9
46 15 6 9
15 47 8 12
47 15 8 12
15 48 2 3
48 15 2 3
15 49 6 9
49 15 6 9
15 50 5 7
50 15 5 7
15 51 5 7
51 15 5 7
15 52 5 7
52 15 5 7
15 53 7 10
53 15 7 10
15 54 4 6
54 15 4 6
15 55 8 12
55 15 8 12
15 56 6 9
56 15 6 9
15 57 7 10
57 15 7 10
15 58 9 13
58 15 9 13
15 59 3 4
59 15 3 4
15 60 3 4
60 15 3 4
16 17 1 1
17 16 1 1
16 18 8 12
18 16 8 12
16 19 4 6
19 16 4 6
16 20 8 12
20 16 8 12
16 21 8 12
21 16 8 12
16 22 5 7
22 16 5 7
16 23 2 3
23 16 2 3
16 24 4 6
24 16 4 6
16 25 7 10
25 16 7 10
16 26 3 4
26 16 3 4
16 27 6 9
27 16 6 9
16 28 5 7
28 16 5 7
16 29 3 4
29 16 3 4
16 30 7 10
30 16 7 10
16 31 3 4
31 16 3 4
16 32 6 9
32 16 6 9
16 33 5 7
33 16 5 7
16 34 12 18
34 16 12 18
16 35 1 1
35 16 1 1
16 36 7 10
36 16 7 10
16 37 11 16
37 16 11 16
16 38 3 4
38 16 3 4
16 39 7 10
39 16 7 10
16 40 7 10
40 16 7 10
16 41 9 13
41 16 9 13
16 42 10 15
42 16 10 15
16 43 11 16
43 16 11 16
16 44 2 3
44 16 2 3
16 45 1 1
45 16 1 1
16 46 8 12
46 16 8 12
16 47 6 9
47 16 6 9
16 48 6 9
48 16 6 9
16 49 2 3
49 16 2 3
16 50 5 7
50 16 5 7
16 51 7 10
51 16 7 10
16 52 3 4
52 16 3 4
16 53 9 13
53 16 9 13
16 54 6 9
54 16 6 9
16 55 2 3
55 16 2 3
16 56 4 6
56 16 4 6
16 57 3 4
57 16 3 4
16 58 7 10
58 16 7 10
16 59 11 16
59 16 11 16
16 60 9 13
60 16 9 13
17 18 7 10
18 17 7 10
17 19 3 4
19 17 3 4
17 20 7 10
20 17 7 10
17 21 7 10
21 17 7 10
17 22 6 9
22 17 6 9
17 23 1 1
23 17 1 1
17 24 3 4
24 17 3 4
17 25 6 9
25 17 6 9
17 26 4 6
26 17 4 6
17 27 5 7
27 17 5 7
17 28 4 6
28 17 4 6
17 29 2 3
29 17 2 3
17 30 6 9
30 17 6 9
17 31 2 3
31 17 2 3
17 32 5 7
32 17 5 7
17 33 4 6
33 17 4 6
17 34 11 16
34 17 11 16
17 35 2 3
35 17 2 3
17 36 6 9
36 17 6 9
17 37 10 15
37 17 10 15
17 38 2 3
38 17 2 3
17 39 6 9
39 17 6 9
17 40 6 9
40 17 6 9
17 41 8 12
41 17 8 12
17 42 9 13
42 17 9 13
17 43 10 15
43 17 10 15
17 44 1 1
44 17 1 1
17 45 2 3
45 17 2 3
17 46 7 10
46 17 7 10
17 47 7 10
47 17 7 10
17 48 5 7
48 17 5 7
17 49 3 4
49 17 3 4
17 50 4 6
50 17 4 6
17 51 6 9
51 17 6 9
17 52 2 3
52 17 2 3
17 53 8 12
53 17 8 12
17 54 5 7
54 17 5 7
17 55 3 4
55 17 3 4
17 56 3 4
56 17 3 4
17 57 4 6
57 17 4 6
17 58 8 12
58 17 8 12
17 59 10 15
59 17 10 15
17 60 8 12
60 17 8 12
18 19 4 6
19 18 4 6
18 20 2 3
20 18 2 3
18 21 10 15
21 18 10 15
18 22 5 7
22 18 5 7
18 23 8 12
23 18 8 12
18 24 4 6
24 18 4 6
18 25 9 13
25 18 9 13
18 26 5 7
26 18 5 7
18 27 8 12
27 18 8 12
18 28 7 10
28 18 7 10
18 29 5 7
29 18 5 7
18 30 3 4
30 18 3 4
18 31 7 10
31 18 7 10
18 32 2 3
32 18 2 3
18 33 3 4
33 18 3 4
18 34 4 6
34 18 4 6
18 35 7 10
35 18 7 10
18 36 9 13
36 18 9 13
18 37 3 4
37 18 3 4
18 38 5 7
38 18 5 7
18 39 5 7
39 18 5 7
18 40 1 1
40 18 1 1
18 41 3 4
41 18 3 4
18 42 6 9
42 18 6 9
18 43 5 7
43 18 5 7
18 44 6 9
44 18 6 9
18 45 9 13
45 18 9 13
18 46 10 15
46 18 10 15
18 47 4 6
47 18 4 6
18 48 6 9
48 18 6 9
18 49 6 9
49 18 6 9
18 50 3 4
50 18 3 4
18 51 9 13
51 18 9 13
18 52 5 7
52 18 5 7
18 53 11 16
53 18 11 16
18 54 2 3
54 18 2 3
18 55 8 12
55 18 8 12
18 56 6 9
56 18 6 9
18 57 7 10
57 18 7 10
18 58 5 7
58 18 5 7
18 59 3 4
59 18 3 4
18 60 1 1
60 18 1 1
19 20 4 6
20 19 4 6
19 21 10 15
21 19 10 15
19 22 3 4
22 19 3 4
19 23 4 6
23 19 4 6
19 24 4 6
24 19 4 6
19 25 9 13
25 19 9 13
19 26 1 1
26 19 1 1
19 27 8 12
27 19 8 12
19 28 7 10
28 19 7 10
19 29 1 1
29 19 1 1
19 30 3 4
30 19 3 4
19 31 5 7
31 19 5 7
19 32 2 3
32 19 2 3
19 33 3 4
33 19 3 4
19 34 8 12
34 19 8 12
19 35 3 4
35 19 3 4
19 36 9 13
36 19 9 13
19 37 7 10
37 19 7 10
19 38 5 7
38 19 5 7
19 39 5 7
39 19 5 7
19 40 3 4
40 19 3 4
19 41 5 7
41 19 5 7
19 42 6 9
42 19 6 9
19 43 7 10
43 19 7 10
19 44 4 6
44 19 4 6
19 45 5 7
45 19 5 7
19 46 10 15
46 19 10 15
19 47 4 6
47 19 4 6
19 48 6 9
48 19 6 9
19 49 2 3
49 19 2 3
19 50 1 1
50 19 1 1
19 51 9 13
51 19 9 13
19 52 3 4
52 19 3 4
19 53 11 16
53 19 11 16
19 54 2 3
54 19 2 3
19 55 4 6
55 19 4 6
19 56 6 9
56 19 6 9
19 57 3 4
57 19 3 4
19 58 5 7
58 19 5 7
19 59 7 10
59 19 7 10
19 60 5 7
60 19 5 7
20 21 8 12
21 20 8 12
20 22 5 7
22 20 5 7
20 23 8 12
23 20 8 12
20 24 4 6
24 20 4 6
20 25 7 10
25 20 7 10
20 26 5 7
26 20 5 7
20 27 6 9
27 20 6 9
20 28 5 7
28 20 5 7
20 29 5 7
29 20 5 7
20 30 5 7
30 20 5 7
20 31 7 10
31 20 7 10
20 32 4 6
32 20 4 6
20 33 3 4
33 20 3 4
20 34 4 6
34 20 4 6
20 35 7 10
35 20 7 10
20 36 7 10
36 20 7 10
20 37 3 4
37 20 3 4
20 38 5 7
38 20 5 7
20 39 3 4
39 20 3 4
20 40 1 1
40 20 1 1
20 41 1 1
41 20 1 1
20 42 4 6
42 20 4 6
20 43 3 4
43 20 3 4
20 44 6 9
44 20 6 9
20 45 9 13
45 20 9 13
20 46 8 12
46 20 8 12
20 47 6 9
47 20 6 9
20 48 4 6
48 20 4 6
20 49 6 9
49 20 6 9
20 50 3 4
50 20 3 4
20 51 7 10
51 20 7 10
20 52 5 7
52 20 5 7
20 53 9 13
53 20 9 13
20 54 2 3
54 20 2 3
20 55 8 12
55 20 8 12
20 56 6 9
56 20 6 9
20 57 7 10
57 20 7 10
20 58 7 10
58 20 7 10
20 59 3 4
59 20 3 4
20 60 1 1
60 20 1 1
21 22 13 19
22 21 13 19
21 23 6 9
23 21 6 9
21 24 6 9
24 21 6 9
21 25 3 4
25 21 3 4
21 26 11 16
26 21 11 16
21 27 2 3
27 21 2 3
21 28 3 4
28 21 3 4
21 29 9 13
29 21 9 13
21 30 13 19
30 21 13 19
21 31 5 7
31 21 5 7
21 32 12 18
32 21 12 18
21 33 7 10
33 21 7 10
21 34 6 9
34 21 6 9
21 35 9 13
35 21 9 13
21 36 1 1
36 21 1 1
21 37 7 10
37 21 7 10
21 38 5 7
38 21 5 7
21 39 5 7
39 21 5 7
21 40 9 13
40 21 9 13
21 41 7 10
41 21 7 10
21 42 4 6
42 21 4 6
21 43 5 7
43 21 5 7
21 44 6 9
44 21 6 9
21 45 9 13
45 21 9 13
21 46 2 3
46 21 2 3
21 47 14 21
47 21 14 21
21 48 4 6
48 21 4 6
21 49 10 15
49 21 10 15
21 50 11 16
50 21 11 16
21 51 1 1
51 21 1 1
21 52 7 10
52 21 7 10
21 53 1 1
53 21 1 1
21 54 10 15
54 21 10 15
21 55 10 15
55 21 10 15
21 56 4 6
56 21 4 6
21 57 11 16
57 21 11 16
21 58 15 22
58 21 15 22
21 59 9 13
59 21 9 13
21 60 9 13
60 21 9 13
22 23 7 10
23 22 7 10
22 24 7 10
24 22 7 10
22 25 12 18
25 22 12 18
22 26 2 3
26 22 2 3
22 27 11 16
27 22 11 16
22 28 10 15
28 22 10 15
22 29 4 6
29 22 4 6
22 30 4 6
30 22 4 6
22 31 8 12
31 22 8 12
22 32 3 4
32 22 3 4
22 33 6 9
33 22 6 9
22 34 9 13
34 22 9 13
22 35 4 6
35 22 4 6
22 36 12 18
36 22 12 18
22 37 8 12
37 22 8 12
22 38 8 12
38 22 8 12
22 39 8 12
39 22 8 12
22 40 4 6
40 22 4 6
22 41 6 9
41 22 6 9
22 42 9 13
42 22 9 13
22 43 8 12
43 22 8 12
22 44 7 10
44 22 7 10
22 45 4 6
45 22 4 6
22 46 13 19
46 22 13 19
22 47 3 4
47 22 3 4
22 48 9 13
48 22 9 13
22 49 3 4
49 22 3 4
22 50 2 3
50 22 2 3
22 51 12 18
51 22 12 18
22 52 6 9
52 22 6 9
22 53 14 21
53 22 14 21
22 54 3 4
54 22 3 4
22 55 3 4
55 22 3 4
22 56 9 13
56 22 9 13
22 57 2 3
57 22 2 3
22 58 2 3
58 22 2 3
22 59 8 12
59 22 8 12
22 60 6 9
60 22 6 9
23 24 4 6
24 23 4 6
23 25 5 7
25 23 5 7
23 26 5 7
26 23 5 7
23 27 4 6
27 23 4 6
23 28 5 7
28 23 5 7
23 29 3 4
29 23 3 4
23 30 7 10
30 23 7 10
23 31 1 1
31 23 1 1
23 32 6 9
32 23 6 9
23 33 5 7
33 23 5 7
23 34 12 18
34 23 12 18
23 35 3 4
35 23 3 4
23 36 7 10
36 23 7 10
23 37 11 16
37 23 11 16
23 38 3 4
38 23 3 4
23 39 7 10
39 23 7 10
23 40 7 10
40 23 7 10
23 41 9 13
41 23 9 13
23 42 10 15
42 23 10 15
23 43 11 16
43 23 11 16
23 44 2 3
44 23 2 3
23 45 3 4
45 23 3 4
23 46 6 9
46 23 6 9
23 47 8 12
47 23 8 12
23 48 6 9
48 23 6 9
23 49 4 6
49 23 4 6
23 50 5 7
50 23 5 7
23 51 5 7
51 23 5 7
23 52 3 4
52 23 3 4
23 53 7 10
53 23 7 10
23 54 6 9
54 23 6 9
23 55 4 6
55 23 4 6
23 56 2 3
56 23 2 3
23 57 5 7
57 23 5 7
23 58 9 13
58 23 9 13
23 59 11 16
59 23 11 16
23 60 9 13
60 23 9 13
24 25 5 7
25 24 5 7
24 26 5 7
26 24 5 7
24 27 4 6
27 24 4 6
24 28 3 4
28 24 3 4
24 29 3 4
29 24 3 4
24 30 7 10
30 24 7 10
24 31 3 4
31 24 3 4
24 32 6 9
32 24 6 9
24 33 1 1
33 24 1 1
24 34 8 12
34 24 8 12
24 35 3 4
35 24 3 4
24 36 5 7
36 24 5 7
24 37 7 10
37 24 7 10
24 38 1 1
38 24 1 1
24 39 3 4
39 24 3 4
24 40 3 4
40 24 3 4
24 41 5 7
41 24 5 7
24 42 6 9
42 24 6 9
24 43 7 10
43 24 7 10
24 44 2 3
44 24 2 3
24 45 5 7
45 24 5 7
24 46 6 9
46 24 6 9
24 47 8 12
47 24 8 12
24 48 2 3
48 24 2 3
24 49 4 6
49 24 4 6
24 50 5 7
50 24 5 7
24 51 5 7
51 24 5 7
24 52 1 1
52 24 1 1
24 53 7 10
53 24 7 10
24 54 4 6
54 24 4 6
24 55 4 6
55 24 4 6
24 56 2 3
56 24 2 3
24 57 5 7
57 24 5 7
24 58 9 13
58 24 9 13
24 59 7 10
59 24 7 10
24 60 5 7
60 24 5 7
25 26 10 15
26 25 10 15
25 27 1 1
27 25 1 1
25 28 2 3
28 25 2 3
25 29 8 12
29 25 8 12
25 30 12 18
30 25 12 18
25 31 4 6
31 25 4 6
25 32 11 16
32 25 11 16
25 33 6 9
33 25 6 9
25 34 9 13
34 25 9 13
25 35 8 12
35 25 8 12
25 36 4 6
36 25 4 6
25 37 8 12
37 25 8 12
25 38 4 6
38 25 4 6
25 39 4 6
39 25 4 6
25 40 8 12
40 25 8 12
25 41 6 9
41 25 6 9
25 42 7 10
42 25 7 10
25 43 8 12
43 25 8 12
25 44 5 7
44 25 5 7
25 45 8 12
45 25 8 12
25 46 1 1
46 25 1 1
25 47 13 19
47 25 13 19
25 48 3 4
48 25 3 4
25 49 9 13
49 25 9 13
25 50 10 15
50 25 10 15
25 51 2 3
51 25 2 3
25 52 6 9
52 25 6 9
25 53 2 3
53 25 2 3
25 54 9 13
54 25 9 13
25 55 9 13
55 25 9 13
25 56 3 4
56 25 3 4
25 57 10 15
57 25 10 15
25 58 14 21
58 25 14 21
25 59 8 12
59 25 8 12
25 60 8 12
60 25 8 12
26 27 9 13
27 26 9 13
26 28 8 12
28 26 8 12
26 29 2 3
29 26 2 3
26 30 4 6
30 26 4 6
26 31 6 9
31 26 6 9
26 32 3 4
32 26 3 4
26 33 4 6
33 26 4 6
26 34 9 13
34 26 9 13
26 35 2 3
35 26 2 3
26 36 10 15
36 26 10 15
26 37 8 12
37 26 8 12
26 38 6 9
38 26 6 9
26 39 6 9
39 26 6 9
26 40 4 6
40 26 4 6
26 41 6 9
41 26 6 9
26 42 7 10
42 26 7 10
26 43 8 12
43 26 8 12
26 44 5 7
44 26 5 7
26 45 4 6
45 26 4 6
26 46 11 16
46 26 11 16
26 47 3 4
47 26 3 4
26 48 7 10
48 26 7 10
26 49 1 1
49 26 1 1
26 50 2 3
50 26 2 3
26 51 10 15
51 26 10 15
26 52 4 6
52 26 4 6
26 53 12 18
53 26 12 18
26 54 3 4
54 26 3 4
26 55 3 4
55 26 3 4
26 56 7 10
56 26 7 10
26 57 2 3
57 26 2 3
26 58 4 6
58 26 4 6
26 59 8 12
59 26 8 12
26 60 6 9
60 26 6 9
27 28 1 1
28 27 1 1
27 29 7 10
29 27 7 10
27 30 11 16
30 27 11 16
27 31 3 4
31 27 3 4
27 32 10 15
32 27 10 15
27 33 5 7
33 27 5 7
27 34 8 12
34 27 8 12
27 35 7 10
35 27 7 10
27 36 3 4
36 27 3 4
27 37 7 10
37 27 7 10
27 38 3 4
38 27 3 4
27 39 3 4
39 27 3 4
27 40 7 10
40 27 7 10
27 41 5 7
41 27 5 7
27 42 6 9
42 27 6 9
27 43 7 10
43 27 7 10
27 44 4 6
44 27 4 6
27 45 7 10
45 27 7 10
27 46 2 3
46 27 2 3
27 47 12 18
47 27 12 18
27 48 2 3
48 27 2 3
27 49 8 12
49 27 8 12
27 50 9 13
50 27 9 13
27 51 1 1
51 27 1 1
27 52 5 7
52 27 5 7
27 53 3 4
53 27 3 4
27 54 8 12
54 27 8 12
27 55 8 12
55 27 8 12
27 56 2 3
56 27 2 3
27 57 9 13
57 27 9 13
27 58 13 19
58 27 13 19
27 59 7 10
59 27 7 10
27 60 7 10
60 27 7 10
28 29 6 9
29 28 6 9
28 30 10 15
30 28 10 15
28 31 4 6
31 28 4 6
28 32 9 13
32 28 9 13
28 33 4 6
33 28 4 6
28 34 7 10
34 28 7 10
28 35 6 9
35 28 6 9
28 36 2 3
36 28 2 3
28 37 6 9
37 28 6 9
28 38 2 3
38 28 2 3
28 39 2 3
39 28 2 3
28 40 6 9
40 28 6 9
28 41 4 6
41 28 4 6
28 42 5 7
42 28 5 7
28 43 6 9
43 28 6 9
28 44 3 4
44 28 3 4
28 45 6 9
45 28 6 9
28 46 3 4
46 28 3 4
28 47 11 16
47 28 11 16
28 48 1 1
48 28 1 1
28 49 7 10
49 28 7 10
28 50 8 12
50 28 8 12
28 51 2 3
51 28 2 3
28 52 4 6
52 28 4 6
28 53 4 6
53 28 4 6
28 54 7 10
54 28 7 10
28 55 7 10
55 28 7 10
28 56 3 4
56 28 3 4
28 57 8 12
57 28 8 12
28 58 12 18
58 28 12 18
28 59 6 9
59 28 6 9
28 60 6 9
60 28 6 9
29 30 4 6
30 29 4 6
29 31 4 6
31 29 4 6
29 32 3 4
32 29 3 4
29 33 2 3
33 29 2 3
29 34 9 13
34 29 9 13
29 35 2 3
35 29 2 3
29 36 8 12
36 29 8 12
29 37 8 12
37 29 8 12
29 38 4 6
38 29 4 6
29 39 4 6
39 29 4 6
29 40 4 6
40 29 4 6
29 41 6 9
41 29 6 9
29 42 7 10
42 29 7 10
29 43 8 12
43 29 8 12
29 44 3 4
44 29 3 4
29 45 4 6
45 29 4 6
29 46 9 13
46 29 9 13
29 47 5 7
47 29 5 7
29 48 5 7
48 29 5 7
29 49 1 1
49 29 1 1
29 50 2 3
50 29 2 3
29 51 8 12
51 29 8 12
29 52 2 3
52 29 2 3
29 53 10 15
53 29 10 15
29 54 3 4
54 29 3 4
29 55 3 4
55 29 3 4
29 56 5 7
56 29 5 7
29 57 2 3
57 29 2 3
29 58 6 9
58 29 6 9
29 59 8 12
59 29 8 12
29 60 6 9
60 29 6 9
30 31 8 12
31 30 8 12
30 32 1 1
32 30 1 1
30 33 6 9
33 30 6 9
30 34 7 10
34 30 7 10
30 35 6 9
35 30 6 9
30 36 12 18
36 30 12 18
30 37 6 9
37 30 6 9
30 38 8 12
38 30 8 12
30 39 8 12
39 30 8 12
30 40 4 6
40 30 4 6
30 41 6 9
41 30 6 9
30 42 9 13
42 30 9 13
30 43 8 12
43 30 8 12
30 44 7 10
44 30 7 10
30 45 8 12
45 30 8 12
30 46 13 19
46 30 13 19
30 47 1 1
47 30 1 1
30 48 9 13
48 30 9 13
30 49 5 7
49 30 5 7
30 50 2 3
50 30 2 3
30 51 12 18
51 30 12 18
30 52 6 9
52 30 6 9
30 53 14 21
53 30 14 21
30 54 3 4
54 30 3 4
30 55 7 10
55 30 7 10
30 56 9 13
56 30 9 13
30 57 6 9
57 30 6 9
30 58 2 3
58 30 2 3
30 59 4 6
59 30 4 6
30 60 4 6
60 30 4 6
31 32 7 10
32 31 7 10
31 33 4 6
33 31 4 6
31 34 11 16
34 31 11 16
31 35 4 6
35 31 4 6
31 36 6 9
36 31 6 9
31 37 10 15
37 31 10 15
31 38 2 3
38 31 2 3
31 39 6 9
39 31 6 9
31 40 6 9
40 31 6 9
31 41 8 12
41 31 8 12
31 42 9 13
42 31 9 13
31 43 10 15
43 31 10 15
31 44 1 1
44 31 1 1
31 45 4 6
45 31 4 6
31 46 5 7
46 31 5 7
31 47 9 13
47 31 9 13
31 48 5 7
48 31 5 7
31 49 5 7
49 31 5 7
31 50 6 9
50 31 6 9
31 51 4 6
51 31 4 6
31 52 2 3
52 31 2 3
31 53 6 9
53 31 6 9
31 54 5 7
54 31 5 7
31 55 5 7
55 31 5 7
31 56 1 1
56 31 1 1
31 57 6 9
57 31 6 9
31 58 10 15
58 31 10 15
31 59 10 15
59 31 10 15
31 60 8 12
60 31 8 12
32 33 5 7
33 32 5 7
32 34 6 9
34 32 6 9
32 35 5 7
35 32 5 7
32 36 11 16
36 32 11 16
32 37 5 7
37 32 5 7
32 38 7 10
38 32 7 10
32 39 7 10
39 32 7 10
32 40 3 4
40 32 3 4
32 41 5 7
41 32 5 7
32 42 8 12
42 32 8 12
32 43 7 10
43 32 7 10
32 44 6 9
44 32 6 9
32 45 7 10
45 32 7 10
32 46 12 18
46 32 12 18
32 47 2 3
47 32 2 3
32 48 8 12
48 32 8 12
32 49 4 6
49 32 4 6
32 50 1 1
50 32 1 1
32 51 11 16
51 32 11 16
32 52 5 7
52 32 5 7
32 53 13 19
53 32 13 19
32 54 2 3
54 32 2 3
32 55 6 9
55 32 6 9
32 56 8 12
56 32 8 12
32 57 5 7
57 32 5 7
32 58 3 4
58 32 3 4
32 59 5 7
59 32 5 7
32 60 3 4
60 32 3 4
33 34 7 10
34 33 7 10
33 35 4 6
35 33 4 6
33 36 6 9
36 33 6 9
33 37 6 9
37 33 6 9
33 38 2 3
38 33 2 3
33 39 2 3
39 33 2 3
33 40 2 3
40 33 2 3
33 41 4 6
41 33 4 6
33 42 5 7
42 33 5 7
33 43 6 9
43 33 6 9
33 44 3 4
44 33 3 4
33 45 6 9
45 33 6 9
33 46 7 10
46 33 7 10
33 47 7 10
47 33 7 10
33 48 3 4
48 33 3 4
33 49 3 4
49 33 3 4
33 50 4 6
50 33 4 6
33 51 6 9
51 33 6 9
33 52 2 3
52 33 2 3
33 53 8 12
53 33 8 12
33 54 3 4
54 33 3 4
33 55 5 7
55 33 5 7
33 56 3 4
56 33 3 4
33 57 4 6
57 33 4 6
33 58 8 12
58 33 8 12
33 59 6 9
59 33 6 9
33 60 4 6
60 33 4 6
34 35 11 16
35 34 11 16
34 36 5 7
36 34 5 7
34 37 1 1
37 34 1 1
34 38 9 13
38 34 9 13
34 39 5 7
39 34 5 7
34 40 5 7
40 34 5 7
34 41 3 4
41 34 3 4
34 42 2 3
42 34 2 3
34 43 1 1
43 34 1 1
34 44 10 15
44 34 10 15
34 45 13 19
45 34 13 19
34 46 8 12
46 34 8 12
34 47 8 12
47 34 8 12
34 48 6 9
48 34 6 9
34 49 10 15
49 34 10 15
34 50 7 10
50 34 7 10
34 51 7 10
51 34 7 10
34 52 9 13
52 34 9 13
34 53 7 10
53 34 7 10
34 54 6 9
54 34 6 9
34 55 12 18
55 34 12 18
34 56 10 15
56 34 10 15
34 57 11 16
57 34 11 16
34 58 9 13
58 34 9 13
34 59 3 4
59 34 3 4
34 60 3 4
60 34 3 4
35 36 8 12
36 35 8 12
35 37 10 15
37 35 10 15
35 38 4 6
38 35 4 6
35 39 6 9
39 35 6 9
35 40 6 9
40 35 6 9
35 41 8 12
41 35 8 12
35 42 9 13
42 35 9 13
35 43 10 15
43 35 10 15
35 44 3 4
44 35 3 4
35 45 2 3
45 35 2 3
35 46 9 13
46 35 9 13
35 47 5 7
47 35 5 7
35 48 5 7
48 35 5 7
35 49 1 1
49 35 1 1
35 50 4 6
50 35 4 6
35 51 8 12
51 35 8 12
35 52 2 3
52 35 2 3
35 53 10 15
53 35 10 15
35 54 5 7
54 35 5 7
35 55 1 1
55 35 1 1
35 56 5 7
56 35 5 7
35 57 2 3
57 35 2 3
35 58 6 9
58 35 6 9
35 59 10 15
59 35 10 15
35 60 8 12
60 35 8 12
36 37 6 9
37 36 6 9
36 38 4 6
38 36 4 6
36 39 4 6
39 36 4 6
36 40 8 12
40 36 8 12
36 41 6 9
41 36 6 9
36 42 3 4
42 36 3 4
36 43 4 6
43 36 4 6
36 44 5 7
44 36 5 7
36 45 8 12
45 36 8 12
36 46 3 4
46 36 3 4
36 47 13 19
47 36 13 19
36 48 3 4
48 36 3 4
36 49 9 13
49 36 9 13
36 50 10 15
50 36 10 15
36 51 2 3
51 36 2 3
36 52 6 9
52 36 6 9
36 53 2 3
53 36 2 3
36 54 9 13
54 36 9 13
36 55 9 13
55 36 9 13
36 56 5 7
56 36 5 7
36 57 10 15
57 36 10 15
36 58 14 21
58 36 14 21
36 59 8 12
59 36 8 12
36 60 8 12
60 36 8 12
37 38 8 12
38 37 8 12
37 39 4 6
39 37 4 6
37 40 4 6
40 37 4 6
37 41 2 3
41 37 2 3
37 42 3 4
42 37 3 4
37 43 2 3
43 37 2 3
37 44 9 13
44 37 9 13
37 45 12 18
45 37 12 18
37 46 7 10
46 37 7 10
37 47 7 10
47 37 7 10
37 48 5 7
48 37 5 7
37 49 9 13
49 37 9 13
37 50 6 9
50 37 6 9
37 51 6 9
51 37 6 9
37 52 8 12
52 37 8 12
37 53 8 12
53 37 8 12
37 54 5 7
54 37 5 7
37 55 11 16
55 37 11 16
37 56 9 13
56 37 9 13
37 57 10 15
57 37 10 15
37 58 8 12
58 37 8 12
37 59 2 3
59 37 2 3
37 60 2 3
60 37 2 3
38 39 4 6
39 38 4 6
38 40 4 6
40 38 4 6
38 41 6 9
41 38 6 9
38 42 7 10
42 38 7 10
38 43 8 12
43 38 8 12
38 44 1 1
44 38 1 1
38 45 4 6
45 38 4 6
38 46 5 7
46 38 5 7
38 47 9 13
47 38 9 13
38 48 3 4
48 38 3 4
38 49 5 7
49 38 5 7
38 50 6 9
50 38 6 9
38 51 4 6
51 38 4 6
38 52 2 3
52 38 2 3
38 53 6 9
53 38 6 9
38 54 5 7
54 38 5 7
38 55 5 7
55 38 5 7
38 56 1 1
56 38 1 1
38 57 6 9
57 38 6 9
38 58 10 15
58 38 10 15
38 59 8 12
59 38 8 12
38 60 6 9
60 38 6 9
39 40 4 6
40 39 4 6
39 41 2 3
41 39 2 3
39 42 3 4
42 39 3 4
39 43 4 6
43 39 4 6
39 44 5 7
44 39 5 7
39 45 8 12
45 39 8 12
39 46 5 7
46 39 5 7
39 47 9 13
47 39 9 13
39 48 1 1
48 39 1 1
39 49 5 7
49 39 5 7
39 50 6 9
50 39 6 9
39 51 4 6
51 39 4 6
39 52 4 6
52 39 4 6
39 53 6 9
53 39 6 9
39 54 5 7
54 39 5 7
39 55 7 10
55 39 7 10
39 56 5 7
56 39 5 7
39 57 6 9
57 39 6 9
39 58 10 15
58 39 10 15
39 59 4 6
59 39 4 6
39 60 4 6
60 39 4 6
40 41 2 3
41 40 2 3
40 42 5 7
42 40 5 7
40 43 4 6
43 40 4 6
40 44 5 7
44 40 5 7
40 45 8 12
45 40 8 12
40 46 9 13
46 40 9 13
40 47 5 7
47 40 5 7
40 48 5 7
48 40 5 7
40 49 5 7
49 40 5 7
40 50 2 3
50 40 2 3
40 51 8 12
51 40 8 12
40 52 4 6
52 40 4 6
40 53 10 15
53 40 10 15
40 54 1 1
54 40 1 1
40 55 7 10
55 40 7 10
40 56 5 7
56 40 5 7
40 57 6 9
57 40 6 9
40 58 6 9
58 40 6 9
40 59 4 6
59 40 4 6
40 60 2 3
60 40 2 3
41 42 3 4
42 41 3 4
41 43 2 3
43 41 2 3
41 44 7 10
44 41 7 10
41 45 10 15
45 41 10 15
41 46 7 10
46 41 7 10
41 47 7 10
47 41 7 10
41 48 3 4
48 41 3 4
41 49 7 10
49 41 7 10
41 50 4 6
50 41 4 6
41 51 6 9
51 41 6 9
41 52 6 9
52 41 6 9
41 53 8 12
53 41 8 12
41 54 3 4
54 41 3 4
41 55 9 13
55 41 9 13
41 56 7 10
56 41 7 10
41 57 8 12
57 41 8 12
41 58 8 12
58 41 8 12
41 59 2 3
59 41 2 3
41 60 2 3
60 41 2 3
42 43 1 1
43 42 1 1
42 44 8 12
44 42 8 12
42 45 11 16
45 42 11 16
42 46 6 9
46 42 6 9
42 47 10 15
47 42 10 15
42 48 4 6
48 42 4 6
42 49 8 12
49 42 8 12
42 50 7 10
50 42 7 10
42 51 5 7
51 42 5 7
42 52 7 10
52 42 7 10
42 53 5 7
53 42 5 7
42 54 6 9
54 42 6 9
42 55 10 15
55 42 10 15
42 56 8 12
56 42 8 12
42 57 9 13
57 42 9 13
42 58 11 16
58 42 11 16
42 59 5 7
59 42 5 7
42 60 5 7
60 42 5 7
43 44 9 13
44 43 9 13
43 45 12 18
45 43 12 18
43 46 7 10
46 43 7 10
43 47 9 13
47 43 9 13
43 48 5 7
48 43 5 7
43 49 9 13
49 43 9 13
43 50 6 9
50 43 6 9
43 51 6 9
51 43 6 9
43 52 8 12
52 43 8 12
43 53 6 9
53 43 6 9
43 54 5 7
54 43 5 7
43 55 11 16
55 43 11 16
43 56 9 13
56 43 9 13
43 57 10 15
57 43 10 15
43 58 10 15
58 43 10 15
43 59 4 6
59 43 4 6
43 60 4 6
60 43 4 6
44 45 3 4
45 44 3 4
44 46 6 9
46 44 6 9
44 47 8 12
47 44 8 12
44 48 4 6
48 44 4 6
44 49 4 6
49 44 4 6
44 50 5 7
50 44 5 7
44 51 5 7
51 44 5 7
44 52 1 1
52 44 1 1
44 53 7 10
53 44 7 10
44 54 4 6
54 44 4 6
44 55 4 6
55 44 4 6
44 56 2 3
56 44 2 3
44 57 5 7
57 44 5 7
44 58 9 13
58 44 9 13
44 59 9 13
59 44 9 13
44 60 7 10
60 44 7 10
45 46 9 13
46 45 9 13
45 47 7 10
47 45 7 10
45 48 7 10
48 45 7 10
45 49 3 4
49 45 3 4
45 50 6 9
50 45 6 9
45 51 8 12
51 45 8 12
45 52 4 6
52 45 4 6
45 53 10 15
53 45 10 15
45 54 7 10
54 45 7 10
45 55 1 1
55 45 1 1
45 56 5 7
56 45 5 7
45 57 2 3
57 45 2 3
45 58 6 9
58 45 6 9
45 59 12 18
59 45 12 18
45 60 10 15
60 45 10 15
46 47 14 21
47 46 14 21
46 48 4 6
48 46 4 6
46 49 10 15
49 46 10 15
46 50 11 16
50 46 11 16
46 51 1 1
51 46 1 1
46 52 7 10
52 46 7 10
46 53 1 1
53 46 1 1
46 54 10 15
54 46 10 15
46 55 10 15
55 46 10 15
46 56 4 6
56 46 4 6
46 57 11 16
57 46 11 16
46 58 15 22
58 46 15 22
46 59 9 13
59 46 9 13
46 60 9 13
60 46 9 13
47 48 10 15
48 47 10 15
47 49 4 6
49 47 4 6
47 50 3 4
50 47 3 4
47 51 13 19
51 47 13 19
47 52 7 10
52 47 7 10
47 53 15 22
53 47 15 22
47 54 4 6
54 47 4 6
47 55 6 9
55 47 6 9
47 56 10 15
56 47 10 15
47 57 5 7
57 47 5 7
47 58 1 1
58 47 1 1
47 59 5 7
59 47 5 7
47 60 5 7
60 47 5 7
48 49 6 9
49 48 6 9
48 50 7 10
50 48 7 10
48 51 3 4
51 48 3 4
48 52 3 4
52 48 3 4
48 53 5 7
53 48 5 7
48 54 6 9
54 48 6 9
48 55 6 9
55 48 6 9
48 56 4 6
56 48 4 6
48 57 7 10
57 48 7 10
48 58 11 16
58 48 11 16
48 59 5 7
59 48 5 7
48 60 5 7
60 48 5 7
49 50 3 4
50 49 3 4
49 51 9 13
51 49 9 13
49 52 3 4
52 49 3 4
49 53 11 16
53 49 11 16
49 54 4 6
54 49 4 6
49 55 2 3
55 49 2 3
49 56 6 9
56 49 6 9
49 57 1 1
57 49 1 1
49 58 5 7
58 49 5 7
49 59 9 13
59 49 9 13
49 60 7 10
60 49 7 10
50 51 10 15
51 50 10 15
50 52 4 6
52 50 4 6
50 53 12 18
53 50 12 18
50 54 1 1
54 50 1 1
50 55 5 7
55 50 5 7
50 56 7 10
56 50 7 10
50 57 4 6
57 50 4 6
50 58 4 6
58 50 4 6
50 59 6 9
59 50 6 9
50 60 4 6
60 50 4 6
51 52 6 9
52 51 6 9
51 53 2 3
53 51 2 3
51 54 9 13
54 51 9 13
51 55 9 13
55 51 9 13
51 56 3 4
56 51 3 4
51 57 10 15
57 51 10 15
51 58 14 21
58 51 14 21
51 59 8 12
59 51 8 12
51 60 8 12
60 51 8 12
52 53 8 12
53 52 8 12
52 54 3 4
54 52 3 4
52 55 3 4
55 52 3 4
52 56 3 4
56 52 3 4
52 57 4 6
57 52 4 6
52 58 8 12
58 52 8 12
52 59 8 12
59 52 8 12
52 60 6 9
60 52 6 9
53 54 11 16
54 53 11 16
53 55 11 16
55 53 11 16
53 56 5 7
56 53 5 7
53 57 12 18
57 53 12 18
53 58 16 24
58 53 16 24
53 59 10 15
59 53 10 15
53 60 10 15
60 53 10 15
54 55 6 9
55 54 6 9
54 56 6 9
56 54 6 9
54 57 5 7
57 54 5 7
54 58 5 7
58 54 5 7
54 59 5 7
59 54 5 7
54 60 3 4
60 54 3 4
55 56 6 9
56 55 6 9
55 57 1 1
57 55 1 1
55 58 5 7
58 55 5 7
55 59 11 16
59 55 11 16
55 60 9 13
60 55 9 13
56 57 7 10
57 56 7 10
56 58 11 16
58 56 11 16
56 59 9 13
59 56 9 13
56 60 7 10
60 56 7 10
57 58 4 6
58 57 4 6
57 59 10 15
59 57 10 15
57 60 8 12
60 57 8 12
58 59 6 9
59 58 6 9
58 60 6 9
60 58 6 9
59 60 2 3
60 59 2 3
0 1 3 4
1 0 3 4
0 2 5 7
2 0 5 7
0 3 1 1
3 0 1 1
0 4 3 4
4 0 3 4
0 5 2 3
5 0 2 3
0 6 5 7
6 0 5 7
0 7 4 6
7 0 4 6
0 8 8 12
8 0 8 12
0 9 7 10
9 0 7 10
0 10 3 4
10 0 3 4
0 11 4 6
11 0 4 6
0 12 1 1
12 0 1 1
0 13 5 7
13 0 5 7
0 14 5 7
14 0 5 7
0 15 3 4
15 0 3 4
0 16 5 7
16 0 5 7
0 17 4 6
17 0 4 6
0 18 3 4
18 0 3 4
0 19 2 3
19 0 2 3
0 20 3 4
20 0 3 4
0 21 8 12
21 0 8 12
0 22 5 7
22 0 5 7
0 23 5 7
23 0 5 7
0 24 2 3
24 0 2 3
0 25 7 10
25 0 7 10
0 26 3 4
26 0 3 4
0 27 6 9
27 0 6 9
0 28 5 7
28 0 5 7
0 29 2 3
29 0 2 3
0 30 5 7
30 0 5 7
0 31 4 6
31 0 4 6
0 32 4 6
32 0 4 6
0 33 1 1
33 0 1 1
0 34 7 10
34 0 7 10
0 35 4 6
35 0 4 6
0 36 7 10
36 0 7 10
0 37 6 9
37 0 6 9
0 38 3 4
38 0 3 4
0 39 3 4
39 0 3 4
0 40 2 3
40 0 2 3
0 41 4 6
41 0 4 6
0 42 5 7
42 0 5 7
0 43 6 9
43 0 6 9
0 44 3 4
44 0 3 4
0 45 6 9
45 0 6 9
0 46 8 12
46 0 8 12
0 47 6 9
47 0 6 9
0 48 4 6
48 0 4 6
0 49 3 4
49 0 3 4
0 50 3 4
50 0 3 4
0 51 7 10
51 0 7 10
0 52 2 3
52 0 2 3
0 53 9 13
53 0 9 13
0 54 2 3
54 0 2 3
0 55 5 7
55 0 5 7
0 56 4 6
56 0 4 6
0 57 4 6
57 0 4 6
0 58 7 10
58 0 7 10
0 59 6 9
59 0 6 9
0 60 4 6
60 0 4 6
